% YSZ Material Properties for COMSOL Multiphysics
% Generated from temperature-dependent dataset
% Material: 8 mol% Yttria-Stabilized Zirconia
%
% Usage: Import this data into COMSOL material properties
% Use interpolation functions for temperature dependency

% Temperature array (K)
T = [298.1, 323.1, 348.1, 373.1, 423.1, 473.1, 523.1, 573.1, 623.1, 673.1, 723.1, 773.1, 823.1, 873.1, 923.1, 973.1, 1023.1, 1073.2, 1123.2, 1173.2, 1223.2, 1273.2, 1323.2, 1373.2, 1423.2, 1473.2, 1523.2, 1573.2, 1623.2, 1673.2, 1723.2, 1773.2];

% Young's Modulus (Pa)
E = [2.100e+11, 2.085e+11, 2.070e+11, 2.055e+11, 2.020e+11, 1.985e+11, 1.950e+11, 1.915e+11, 1.880e+11, 1.845e+11, 1.810e+11, 1.775e+11, 1.740e+11, 1.705e+11, 1.670e+11, 1.635e+11, 1.600e+11, 1.565e+11, 1.530e+11, 1.495e+11, 1.460e+11, 1.425e+11, 1.390e+11, 1.355e+11, 1.320e+11, 1.285e+11, 1.250e+11, 1.215e+11, 1.180e+11, 1.145e+11, 1.110e+11, 1.075e+11];

% Poisson's Ratio
nu = [0.3000, 0.3010, 0.3020, 0.3030, 0.3050, 0.3070, 0.3090, 0.3110, 0.3130, 0.3150, 0.3170, 0.3190, 0.3210, 0.3230, 0.3250, 0.3270, 0.3290, 0.3310, 0.3330, 0.3350, 0.3370, 0.3390, 0.3410, 0.3430, 0.3450, 0.3470, 0.3490, 0.3510, 0.3530, 0.3550, 0.3570, 0.3590];

% Density (kg/m³)
rho = [6050.0, 6048.0, 6046.0, 6044.0, 6040.0, 6036.0, 6032.0, 6028.0, 6024.0, 6020.0, 6016.0, 6012.0, 6008.0, 6004.0, 6000.0, 5996.0, 5992.0, 5988.0, 5984.0, 5980.0, 5976.0, 5972.0, 5968.0, 5964.0, 5960.0, 5956.0, 5952.0, 5948.0, 5944.0, 5940.0, 5936.0, 5932.0];

% Coefficient of Thermal Expansion (1/K)
alpha = [1.050000e-05, 1.060000e-05, 1.070000e-05, 1.080000e-05, 1.100000e-05, 1.120000e-05, 1.140000e-05, 1.160000e-05, 1.180000e-05, 1.200000e-05, 1.220000e-05, 1.240000e-05, 1.260000e-05, 1.280000e-05, 1.300000e-05, 1.320000e-05, 1.340000e-05, 1.360000e-05, 1.380000e-05, 1.400000e-05, 1.420000e-05, 1.440000e-05, 1.460000e-05, 1.480000e-05, 1.500000e-05, 1.520000e-05, 1.540000e-05, 1.560000e-05, 1.580000e-05, 1.600000e-05, 1.620000e-05, 1.640000e-05];

% Thermal Conductivity (W/m·K)
k = [2.8000, 2.7500, 2.7000, 2.6500, 2.5500, 2.4500, 2.3500, 2.2500, 2.1500, 2.0500, 1.9500, 1.8500, 1.7500, 1.6500, 1.5500, 1.4500, 1.3500, 1.2500, 1.1500, 1.0500, 0.9500, 0.8500, 0.7500, 0.6500, 0.5500, 0.4500, 0.3500, 0.2500, 0.1500, 0.1000, 0.0800, 0.0600];

% Heat Capacity (J/kg·K) - estimated
Cp = [500, 500, 500, 500, 500, 500, 500, 500, 500, 500, 500, 500, 500, 500, 500, 500, 500, 500, 500, 500, 500, 500, 500, 500, 500, 500, 500, 500, 500, 500, 500, 500];

% Creep Parameters (Norton Law)
% strain_rate = A * stress^n * exp(-Q/RT)
creep_A = [1.200000e-15, 1.800000e-15, 2.700000e-15, 4.000000e-15, 8.500000e-15, 1.800000e-14, 3.800000e-14, 7.900000e-14, 1.600000e-13, 3.200000e-13, 6.400000e-13, 1.300000e-12, 2.500000e-12, 4.900000e-12, 9.600000e-12, 1.900000e-11, 3.700000e-11, 7.200000e-11, 1.400000e-10, 2.700000e-10, 5.200000e-10, 1.000000e-09, 1.900000e-09, 3.700000e-09, 7.100000e-09, 1.400000e-08, 2.600000e-08, 5.000000e-08, 9.600000e-08, 1.800000e-07, 3.500000e-07, 6.700000e-07];
creep_n = 1.0;  % Stress exponent
creep_Q = 450000.0;  % Activation energy (J/mol)

% Fracture Toughness (Pa·m^0.5)
K_IC = [9.200e+06, 9.000e+06, 8.800e+06, 8.600e+06, 8.200e+06, 7.800e+06, 7.400e+06, 7.000e+06, 6.600e+06, 6.200e+06, 5.800e+06, 5.400e+06, 5.000e+06, 4.600e+06, 4.200e+06, 3.800e+06, 3.400e+06, 3.000e+06, 2.600e+06, 2.200e+06, 1.800e+06, 1.400e+06, 1.000e+06, 6.000e+05, 2.000e+05, 1.000e+05, 5.000e+04, 2.000e+04, 1.000e+04, 5.000e+03, 2.000e+03, 1.000e+03];

